Time Setpoint Input Output
1 150.00 28.00 2000.00
2 150.00 28.00 2000.00
3 150.00 28.00 2000.00
4 150.00 28.00 2000.00
5 150.00 28.00 2000.00
6 150.00 28.00 2000.00
7 150.00 28.00 2000.00
8 150.00 28.00 2000.00
9 150.00 28.00 2000.00
10 150.00 28.00 2000.00
11 150.00 28.00 2000.00
12 150.00 28.00 2000.00
13 150.00 28.00 2000.00
14 150.00 28.00 2000.00
15 150.00 28.00 2000.00
16 150.00 28.00 2000.00
17 150.00 28.00 2000.00
18 150.00 28.00 2000.00
19 150.00 32.00 2000.00
20 150.00 32.00 2000.00
21 150.00 32.00 2000.00
22 150.00 32.00 2000.00
23 150.00 32.00 2000.00
24 150.00 32.00 2000.00
25 150.00 36.00 2000.00
26 150.00 36.00 2000.00
27 150.00 36.00 2000.00
28 150.00 36.00 2000.00
29 150.00 36.00 2000.00
30 150.00 40.00 2000.00
31 150.00 40.00 2000.00
32 150.00 40.00 2000.00
33 150.00 40.00 2000.00
34 150.00 44.00 2000.00
35 150.00 44.00 2000.00
36 150.00 48.00 2000.00
37 150.00 48.00 2000.00
38 150.00 48.00 2000.00
39 150.00 48.00 2000.00
40 150.00 52.00 2000.00
41 150.00 52.00 2000.00
42 150.00 56.00 2000.00
43 150.00 56.00 2000.00
44 150.00 56.00 2000.00
45 150.00 60.00 2000.00
46 150.00 60.00 2000.00
47 150.00 60.00 2000.00
48 150.00 64.00 2000.00
49 150.00 64.00 2000.00
50 150.00 68.00 2000.00
51 150.00 68.00 2000.00
52 150.00 68.00 2000.00
53 150.00 72.00 2000.00
54 150.00 72.00 2000.00
55 150.00 72.00 2000.00
56 150.00 76.00 2000.00
57 150.00 76.00 2000.00
58 150.00 80.00 2000.00
59 150.00 80.00 2000.00
60 150.00 80.00 2000.00
61 150.00 84.00 2000.00
62 150.00 84.00 2000.00
63 150.00 84.00 2000.00
64 150.00 88.00 2000.00
65 150.00 88.00 2000.00
66 150.00 92.00 2000.00
67 150.00 92.00 2000.00
68 150.00 92.00 2000.00
69 150.00 96.00 2000.00
70 150.00 96.00 2000.00
71 150.00 96.00 2000.00
72 150.00 100.00 2000.00
73 150.00 100.00 2000.00
74 150.00 104.00 2000.00
75 150.00 104.00 2000.00
76 150.00 104.00 2000.00
77 150.00 108.00 2000.00
78 150.00 108.00 2000.00
79 150.00 112.00 2000.00
80 150.00 112.00 2000.00
81 150.00 112.00 2000.00
82 150.00 116.00 2000.00
83 150.00 116.00 2000.00
84 150.00 120.00 2000.00
85 150.00 120.00 2000.00
86 150.00 120.00 2000.00
87 150.00 120.00 2000.00
88 150.00 120.00 2000.00
89 150.00 120.00 2000.00
90 150.00 120.00 2000.00
91 150.00 124.00 2000.00
92 150.00 124.00 2000.00
93 150.00 124.00 2000.00
94 150.00 128.00 2000.00
95 150.00 128.00 2000.00
96 150.00 128.00 2000.00
97 150.00 132.00 2000.00
98 150.00 132.00 1918.70
99 150.00 132.00 1999.15
100 150.00 136.00 1999.60
101 150.00 136.00 1519.95
102 150.00 140.00 1600.30
103 150.00 140.00 1120.55
104 150.00 144.00 1200.80
105 150.00 144.00 720.95
106 150.00 146.00 801.10
107 150.00 148.00 561.20
108 150.00 148.00 361.25
109 150.00 148.00 401.30
110 150.00 148.00 401.35
111 150.00 148.00 401.40
112 150.00 152.00 401.45
113 155.00 152.00 101.60
114 155.00 152.00 1101.75
115 155.00 148.00 1101.90
116 155.00 152.00 2000.00
117 155.00 148.00 102.40
118 155.00 148.00 2000.00
119 155.00 152.00 2000.00
120 155.00 152.00 103.25
121 155.00 152.00 1103.40
122 160.00 152.00 2000.00
123 160.00 152.00 2000.00
124 160.00 152.00 2000.00
125 160.00 152.00 2000.00
126 160.00 156.00 2000.00
127 160.00 156.00 405.60
128 160.00 156.00 1405.80
129 160.00 156.00 1406.00
130 160.00 156.00 1406.20
131 165.00 156.00 1406.40
132 165.00 160.00 2000.00
133 165.00 160.00 707.10
134 165.00 160.00 1707.35
135 165.00 160.00 1707.60
136 165.00 162.00 1707.85
137 165.00 164.00 608.00
138 165.00 164.00 8.05
139 165.00 164.00 508.10
140 170.00 164.00 508.15
141 170.00 164.00 2000.00
142 170.00 168.00 2000.00
143 170.00 168.00 0.00
144 170.00 168.00 808.95
145 170.00 168.00 809.05
146 170.00 168.00 809.15
147 170.00 168.00 809.25
148 170.00 168.00 809.35
149 175.00 168.00 809.45
150 175.00 168.00 2000.00
151 175.00 168.00 2000.00
152 175.00 172.00 2000.00
153 175.00 172.00 110.65
154 175.00 172.00 1110.80
155 175.00 172.00 1110.95
156 175.00 172.00 1111.10
157 175.00 172.00 1111.25
158 180.00 172.00 1111.40
159 180.00 172.00 2000.00
160 180.00 172.00 2000.00
161 180.00 172.00 2000.00
162 180.00 176.00 2000.00
163 180.00 176.00 413.20
164 180.00 178.00 1413.40
165 180.00 178.00 313.50
166 180.00 176.00 813.60
167 185.00 176.00 1913.80
168 185.00 176.00 2000.00
169 185.00 176.00 2000.00
170 185.00 176.00 2000.00
171 185.00 180.00 715.40
172 185.00 180.00 1715.65
173 185.00 180.00 1715.90
174 185.00 180.00 1716.15
175 185.00 180.00 1716.40
176 190.00 180.00 1716.65
177 190.00 180.00 2000.00
178 190.00 184.00 2000.00
179 190.00 184.00 1017.95
180 190.00 184.00 2000.00
181 190.00 184.00 2000.00
182 190.00 184.00 2000.00
183 190.00 184.00 2000.00
184 190.00 188.00 2000.00
185 195.00 188.00 0.00
186 195.00 188.00 2000.00
187 195.00 188.00 2000.00
188 195.00 188.00 2000.00
189 195.00 192.00 2000.00
190 195.00 192.00 121.10
191 195.00 192.00 1121.25
192 195.00 192.00 1121.40
193 195.00 192.00 1121.55
194 200.00 192.00 1121.70
195 200.00 192.00 2000.00
196 200.00 192.00 2000.00
197 200.00 192.00 2000.00
198 200.00 192.00 2000.00
199 200.00 196.00 2000.00
200 200.00 194.00 423.90
201 200.00 192.00 2000.00
202 200.00 192.00 2000.00
203 250.00 196.00 2000.00
204 250.00 196.00 2000.00
205 250.00 196.00 2000.00
206 250.00 196.00 2000.00
207 250.00 196.00 2000.00
208 250.00 196.00 2000.00
209 250.00 196.00 2000.00
210 250.00 196.00 2000.00
211 250.00 200.00 2000.00
212 250.00 200.00 2000.00
213 250.00 200.00 2000.00
214 250.00 200.00 2000.00
215 250.00 200.00 2000.00
216 250.00 200.00 2000.00
217 250.00 200.00 2000.00
218 250.00 204.00 2000.00
219 250.00 204.00 2000.00
220 250.00 204.00 2000.00
221 250.00 204.00 2000.00
222 250.00 204.00 2000.00
223 250.00 204.00 2000.00
224 250.00 204.00 2000.00
225 250.00 208.00 2000.00
226 250.00 208.00 2000.00
227 250.00 208.00 2000.00
228 250.00 208.00 2000.00
229 250.00 208.00 2000.00
230 250.00 212.00 2000.00
231 250.00 212.00 2000.00
232 250.00 212.00 2000.00
233 250.00 212.00 2000.00
234 250.00 212.00 2000.00
235 250.00 212.00 2000.00
236 250.00 216.00 2000.00
237 250.00 216.00 2000.00
238 250.00 216.00 2000.00
239 250.00 216.00 2000.00
240 250.00 216.00 2000.00
241 250.00 220.00 2000.00
242 250.00 220.00 2000.00
243 250.00 220.00 2000.00
244 250.00 220.00 2000.00
245 250.00 220.00 2000.00
246 250.00 220.00 2000.00
247 250.00 220.00 2000.00
248 250.00 224.00 2000.00
249 250.00 224.00 2000.00
250 250.00 224.00 2000.00
251 250.00 224.00 2000.00
252 250.00 226.00 2000.00
253 250.00 224.00 2000.00
254 250.00 228.00 2000.00
255 250.00 228.00 2000.00
256 250.00 228.00 2000.00
257 250.00 228.00 2000.00
258 250.00 228.00 2000.00
259 250.00 228.00 2000.00
260 250.00 228.00 2000.00
261 250.00 232.00 2000.00
262 250.00 232.00 2000.00
263 250.00 232.00 2000.00
264 250.00 232.00 2000.00
265 250.00 232.00 2000.00
266 250.00 232.00 2000.00
267 250.00 236.00 2000.00
268 250.00 236.00 2000.00
269 250.00 236.00 2000.00
270 250.00 236.00 2000.00
271 250.00 236.00 2000.00
272 250.00 236.00 2000.00
273 250.00 236.00 2000.00
274 250.00 240.00 2000.00
275 250.00 240.00 1947.30
276 250.00 240.00 2000.00
277 250.00 240.00 2000.00
278 250.00 240.00 2000.00
279 250.00 240.00 2000.00
280 250.00 240.00 2000.00
281 250.00 240.00 2000.00
282 250.00 244.00 2000.00
283 250.00 244.00 751.10
284 250.00 244.00 2000.00
285 250.00 244.00 2000.00
286 250.00 244.00 2000.00
287 250.00 244.00 2000.00
288 250.00 244.00 2000.00
289 250.00 244.00 2000.00
290 250.00 244.00 2000.00
291 250.00 244.00 2000.00
292 250.00 248.00 2000.00
293 100.00 248.00 0.00
294 100.00 248.00 0.00
295 100.00 248.00 0.00
296 100.00 248.00 0.00
297 100.00 244.00 0.00
298 100.00 244.00 0.00
299 100.00 244.00 0.00
300 100.00 244.00 0.00
301 100.00 244.00 0.00
302 100.00 248.00 0.00
303 100.00 252.00 0.00
304 100.00 256.00 0.00
305 100.00 260.00 0.00
306 100.00 260.00 0.00
307 100.00 260.00 0.00
308 100.00 258.00 0.00
309 100.00 256.00 0.00
310 100.00 252.00 0.00
311 100.00 252.00 0.00
312 100.00 248.00 0.00
313 100.00 242.00 0.00
314 100.00 234.00 0.00
315 100.00 234.00 0.00
316 100.00 220.00 0.00
317 100.00 216.00 0.00
318 100.00 212.00 0.00
319 100.00 212.00 0.00
320 100.00 212.00 0.00
321 100.00 208.00 0.00
322 100.00 204.00 0.00
323 100.00 200.00 0.00
324 100.00 196.00 0.00
325 100.00 194.00 0.00
326 100.00 188.00 0.00
327 100.00 188.00 0.00
328 100.00 188.00 0.00
329 100.00 184.00 0.00
330 100.00 180.00 0.00
331 100.00 180.00 0.00
332 100.00 176.00 0.00
333 100.00 176.00 0.00
334 100.00 176.00 0.00
335 100.00 176.00 0.00
336 100.00 176.00 0.00
337 100.00 176.00 0.00
338 100.00 172.00 0.00
339 100.00 172.00 0.00
340 100.00 172.00 0.00
341 100.00 180.00 0.00
342 100.00 184.00 0.00
343 100.00 188.00 0.00
344 100.00 188.00 0.00
345 100.00 188.00 0.00
346 100.00 186.00 0.00
347 100.00 186.00 0.00
348 100.00 184.00 0.00
